0 9 0 0 0 0 0 8 0
0 0 0 7 6 1 0 0 0
0 0 0 0 8 0 0 0 5
7 0 3 0 0 2 3 0 6
0 8 0 0 4 0 6 5 0
4 0 0 3 7 9 0 0 8
8 0 9 0 0 0 5 0 9
9 1 0 5 0 6 0 3 7
6 0 0 0 0 0 0 0 4

0 9 0 0 0 0 0 8 0
0 0 0 7 3 1 0 0 0
0 0 0 0 8 0 0 0 0
7 0 0 0 0 0 0 0 6
0 8 0 0 4 0 0 5 0
4 0 0 3 7 9 0 0 8
8 0 6 0 0 0 5 0 9
9 1 0 5 0 6 0 3 7
3 0 0 0 0 0 0 0 4

[739 462 576 473 256 395 916 433 819 914 471 357 624 686 133 176 312 115 938 343 515 918 753 528 484 236 755 392 864 478 177 526 947 899 966 561 693 676 129 221 776 648 581 232 747 438 781 326 788 386 247 958 238 719 416 826 263 233 116 746 183 961 856 246 725 543 721 489 814 154 452 744 799 675 919 741 172 921 623 669 678]